19	6	151	0
2233	2	57	0
182	23	112	0
22	17	21	0
3	8	742	0
507	2	55	0
154	25	56	0
100	83	18	0
1110	2	31	0
141	29	7	0
6	5	22	0
1574	0	1372	0
456	21	770	0
30	6	696	0
13	81	4	0
25	8	89	0
42	0	400	0
246	6	155	0
182	3	43	0
833	2	2958	0
362	14	211	0
166	6	696	0
1447	37	17	0
393	0	0	0
82	6	3827	0
141	20	11	0
2001	6	180	0
99	2	804	0
6229	3	1	0
141	4	11	0
4639	25	4269	0
21	3	63	0
4639	25	5628	0
11	9	2236	0
27	7	3386	0
27	7	3193	0
354	8	1191	0
969	0	1516	0
4	81	13	0
153	2	180	0
141	75	7	0
641	8	290	0
345	21	55	0
19	6	17	0
15	106	913	0
0	26	5	0
200	96	8	0
17	2	705	0
22	4	6	0
312	20	11	0
6	3	22	0
1021	0	6366	0
100	37	31	0
220	39	313	0
202	3	1	0
72	3	130	0
2088	8	389	0
1355	6	121	0
44	41	3	0
11	5	141	0
2043	0	93	0
7	16	0	0
1720	15	3	0
93	21	511	0
127	24	64	0
14	81	58	0
389	38	2088	0
127	31	64	0
0	16	7	0
913	28	6658	0
316	0	1	0
122	7	46	0
6620	6	180	0
154	25	3	0
270	2	16	0
55	26	0	0
484	3	1	0
1	6	7108	0
19	32	17	0
44	6	3	0
362	6	211	0
58	1	53	0
51	1	247	0
92	10	93	0
11	7	1151	0
46	6	2384	0
354	8	4015	0
913	114	15	0
19	18	17	0
21	17	22	0
290	50	389	0
53	1	58	0
3201	2	751	0
28	11	2	0
83	0	15	0
27	0	10	0
19	21	184	0
68	0	85	0
42	2	291	0
100	72	31	0
2172	3	43	0
511	21	93	0
29	6	81	0
627	0	104	0
247	1	51	0
456	10	31	0
7	15	0	0
2233	2	182	0
1683	33	5	0
64	28	357	0
142	33	1	0
969	4	5	0
5	5	969	0
48	0	9	1
2352	6	7098	1
0	2	269	1
2490	0	2739	1
212	1	4	1
43	5	182	1
141	75	7	1
1396	11	104	1
19	6	17	1
234	4	0	1
382	9	11	1
4065	7	1113	1
389	2	99	1
1998	18	99	1
80	16	0	1
2674	0	8	1
20	6	86	1
324	7	2	1
295	3	220	1
14	22	1	1
9	26	2	1
57	4	43	1
310	3	1041	1
0	15	80	1
32	18	340	1
277	0	226	1
757	7	264	1
0	5	234	1
607	0	86	1
100	3	18	1
331	13	2	1
31	52	18	1
1262	29	252	1
0	26	57	1
100	163	578	1
638	0	197	1
22	1	6	1
141	8	7	1
21	1	22	1
0	7	11	1
1448	132	157	1
1041	0	310	1
429	18	144	1
54	21	187	1
8	0	87	1
2	2	467	1
2096	7	1611	1
5290	11	2555	1
1669	8	2688	1
22	12	6	1
29	6	81	1
103	3	3766	1
230	22	1218	1
5824	2	15	1
277	51	211	1
25	69	173	1
805	2	2	1
104	11	1396	1
499	12	43	1
7	0	5	1
577	0	698	1
362	14	61	1
331	0	9	1
10	12	0	1
4089	0	56	1
2	8	9	1
584	0	9	1
143	0	20	1
2715	1	606	1
43	5	57	1
6	12	22	1
206	9	1555	1
64	109	645	1
1073	0	2731	1
307	10	2	1
51	1	247	1
1004	6	3827	1
10	8	27	1
21	5	212	1
950	0	18	1
242	25	628	1
362	6	122	1
295	0	220	1
3386	32	28	1
100	14	536	1
251	19	76	1
1669	50	1730	1
40	8	33	1
708	23	9	1
1417	33	78	1
21	3	22	1
197	8	309	1
197	0	9	1
606	1	2715	1
308	0	512	1
83	97	15	1
106	6	2	1
189	2	234	1
32	34	16	1
510	9	42	1
503	0	11	1
138	11	64	1
3794	40	2	1
229	6	325	1
229	30	325	1
3	2	524	1
63	5	6	1
7	8	630	1
2172	24	43	1
100	83	18	1
9	0	591	1
31	100	18	1
4962	100	153	1
230	2	1218	1
141	0	11	1
51	0	115	1
149	0	86	1
1019	6	482	1
212	4	21	1
6	3	22	1
103	7	64	1
8	11	87	1
3007	0	120	1
9	15	959	1
1136	7	261	1
197	9	309	1
22	8	1	1
76	19	251	1
308	18	32	1
323	0	56	1
1998	9	389	1
182	4	43	1
115	0	36	1
21	3	63	1
6	1	22	1
33	2	266	1
327	0	9	1
0	16	80	1
289	0	268	1
3017	8	89	1
43	12	499	1
44	41	3	1
141	0	5093	1
49	32	4592	1
6	3	347	1
170	0	2558	1
933	22	912	1
13	0	0	1
153	2	180	1
2937	7	211	1
138	0	1590	1
584	2	2	1
4	1	212	1
82	0	1004	1
180	13	310	1
234	7	1543	1
6	4	63	1
0	12	10	1
4796	18	548	1
673	33	3	1
141	29	7	1
3	8	294	1
482	10	1214	1
19	18	17	1
2588	0	1184	1
22	4	6	1
6	5	22	1
22	1	21	1
19	9	17	1
122	7	46	1
247	1	51	1
154	10	56	1
64	11	4064	1
1878	2	2802	1
14	81	58	2
293	0	1	2
2172	24	43	2
1058	2	856	2
1975	4	66	2
86	0	108	2
262	0	10	2
6	3	22	2
362	6	211	2
43	5	57	2
66	5	1975	2
22	1	6	2
6	1	22	2
413	0	9	2
7	26	11	2
275	26	3	2
3	42	1470	2
290	76	1138	2
2521	1	4910	2
31	2	18	2
467	12	9	2
310	2	153	2
1058	0	856	2
206	0	14	2
6	4	63	2
9	12	467	2
22	12	6	2
3	2	1178	2
54	21	187	2
127	24	64	2
2	2	467	2
78	10	446	2
1178	8	3	2
635	0	9	2
1878	2	2802	2
247	39	57	2
141	9	7	2
668	0	1420	2
6107	2	3	2
183	1	1042	2
4910	1	2521	2
86	108	45	2
4	107	15	2
25	16	924	2
211	3	46	2
658	6	265	2
33	20	40	2
99	22	290	2
4593	0	230	2
31	100	18	2
57	4	43	2
63	5	6	2
182	23	112	2
105	19	48	2
269	43	6081	2
39	32	57	2
48	19	105	2
310	2	180	2
2	8	106	2
7	20	11	2
4536	0	138	2
247	101	57	2
104	11	1396	2
1980	0	36	2
413	2	252	2
157	0	931	2
1502	8	138	2
3486	0	1138	2
182	4	43	2
206	0	1	2
830	4	15	2
833	2	2958	2
5	5	59	2
47	20	3	2
1317	56	60	2
127	31	64	2
11	16	7	2
220	39	58	2
22	1	21	2
19	2	17	2
7	2	11	2
796	39	8	2
3499	11	56	2
2	87	622	2
21	1	22	2
2915	4	232	2
76	29	2	2
141	0	11	2
1	1	130	2
702	7	48	2
1058	0	36	2
14	0	1	2
488	0	0	2
3	8	47	2
82	0	1495	2
209	18	18	2
87	58	8	2
484	3	1	2
16	42	36	2
1182	0	2255	2
2043	58	39	2
76	0	9	2
100	3	18	2
173	0	37	2
19	11	151	2
244	89	482	2
9	2	194	2
924	18	834	2
7	16	11	2
3007	0	120	2
37	1	43	2
25	8	89	2
6	12	22	2
141	16	7	2
0	26	57	2
31	26	65	2
173	170	57	2
4976	0	843	2
256	1	41	2
31	52	18	2
143	129	45	2
604	0	1521	2
1042	1	183	2
6959	0	1366	2
493	20	156	2
15	5	830	2
9	2	467	2
117	0	377	2
143	0	20	2
446	11	78	2
188	6	3	2
1257	7	528	2
64	34	127	2
222	6	599	2
45	108	86	2
5366	0	3879	2
43	5	182	2
99	24	389	2
45	0	143	2
64	11	127	2
100	0	18	2
130	1	1	2
59	4	5	2
1	51	138	2
233	9	219	2
43	1	37	2
100	24	406	2
232	5	2915	2
41	1	256	2
2	2	9	2
1	22	1004	2
2003	32	0	2
33	2	266	2
1500	7	1	2
1396	11	104	2
3872	13	3984	2
19	6	17	2
1798	9	61	2
242	25	628	2
122	0	61	3
7	8	11	3
0	1	10	3
3633	11	3924	3
57	0	3744	3
1436	0	6	3
1042	10	563	3
1	5	1230	3
1000	10	1250	3
3354	10	180	3
1230	4	1	3
100	185	18	3
1	5	626	3
127	24	64	3
34	1	153	3
153	1	34	3
429	56	1	3
362	6	211	3
668	0	5744	3
19	6	17	3
11	53	2236	3
1715	0	552	3
182	23	112	3
733	0	1042	3
201	3	671	3
247	35	57	3
100	24	406	3
486	0	559	3
10	1	0	3
99	22	290	3
7	2	11	3
22	1	6	3
3	20	4218	3
247	0	182	3
394	2	389	3
317	3	43	3
484	3	1	3
362	20	211	3
510	0	8	3
3633	11	1041	3
658	6	1431	3
2043	58	39	3
15	11	254	3
47	8	1629	3
2230	1	2745	3
416	1	1	3
141	16	7	3
187	24	6	3
44	20	4218	3
549	25	180	3
256	15	334	3
408	10	24	3
400	35	8	3
12	3	6	3
6	12	22	3
82	6	1002	3
7	20	11	3
247	39	57	3
64	7	1657	3
347	1	6	3
3648	2	2584	3
6	4	63	3
42	0	8	3
127	31	64	3
87	35	8	3
490	0	117	3
2745	1	2230	3
64	34	127	3
233	0	64	3
62	0	334	3
22	12	6	3
1042	10	6098	3
389	6	99	3
63	5	201	3
12	4	1	3
180	10	457	3
3313	0	114	3
1	1	416	3
349	24	825	3
112	1	8	3
86	39	20	3
2008	2	2476	3
1476	0	24	3
6	1	22	3
457	10	180	3
310	2	180	3
4617	0	360	3
63	5	6	3
4195	9	321	3
250	0	6171	3
117	0	377	3
24	11	254	3
1398	1	1	3
57	3	43	3
347	12	6	3
317	3	111	3
2799	11	127	3
3648	0	3354	3
8	1	112	3
552	8	278	3
47	26	3	3
6	3	12	3
1	5	12	3
6	1	347	3
3938	24	80	3
171	19	62	3
207	0	1	3
1398	0	207	3
1	1	1398	3
727	7	404	3
421	0	114	3
3	48	2194	3
54	21	187	3
626	4	1	3
160	8	3	3
82	6	3827	3
5040	0	791	3
407	10	563	3
1476	0	15	3
548	0	3217	3
201	4	63	3
58	8	2814	3
247	101	57	3
31	8	406	3
62	19	171	3
141	2	11	3
6	12	347	3
3884	0	552	3
759	1	3883	4
86	0	45	4
57	3	43	4
3	48	2194	4
1398	1	14	4
1337	2	436	4
6	4	63	4
1701	29	99	4
195	0	204	4
380	0	1194	4
2187	0	1	4
6	1	22	4
18	29	31	4
601	4	49	4
11	16	7	4
537	0	7	4
117	67	89	4
74	6	3903	4
1751	0	2429	4
5	5	969	4
457	9	3500	4
796	10	117	4
22	1	21	4
3883	1	759	4
6	0	1	4
43	5	111	4
549	10	180	4
431	1	160	4
171	19	62	4
3354	65	180	4
942	10	1969	4
286	5	21	4
64	34	127	4
218	0	4595	4
141	9	7	4
207	0	1	4
1209	0	1	4
244	0	2182	4
6600	2	180	4
19	18	151	4
3	3	47	4
8	0	272	4
1423	51	116	4
7	26	11	4
400	10	87	4
160	1	431	4
19	6	17	4
49	5	601	4
62	19	171	4
21	1	22	4
468	0	139	4
484	3	1	4
19	3	17	4
484	4	1	4
3	9	1178	4
529	8	1701	4
256	15	5	4
11	8	7	4
639	0	15	4
537	8	7	4
554	0	56	4
124	2	164	4
87	10	400	4
29	6	81	4
111	16	10	4
63	5	6	4
45	0	86	4
554	3	3	4
1337	70	436	4
1398	4	1	4
262	28	3	4
394	49	389	4
74	6	81	4
969	4	5	4
100	183	480	4
5	15	256	4
117	35	796	4
116	51	1423	4
3074	14	107	4
1398	0	1	4
14	1	1398	4
1	5	484	4
44	14	3	4
6	7	57	4
111	4	43	4
246	6	155	4
145	3	57	4
87	35	8	4
1	5	1398	4
127	31	64	4
1194	0	380	4
22	1	6	4
45	18	279	4
45	30	108	4
6	0	22	4
62	29	5	4
489	21	777	4
614	20	1	4
38	3	264	4
6864	3	264	4
14	0	1	4
12	3	6	4
212	0	6	4
7	16	11	4
21	4	286	4
2619	1	75	4
872	21	275	4
594	0	1923	4
117	10	796	4
64	30	1214	4
1523	0	34	4
1610	11	3	4
6	3	12	4
75	1	2619	4
6721	0	211	4
115	2	783	5
2	2	467	5
4195	9	321	5
6	3	12	5
0	128	57	5
3	9	44	5
58	5	20	5
180	20	457	5
18	6	31	5
37	20	57	5
19	18	17	5
16	9	36	5
719	10	243	5
57	3	37	5
39	27	461	5
1502	0	138	5
487	12	6	5
989	14	180	5
7	13	11	5
335	17	29	5
42	12	8	5
363	20	544	5
14	0	1	5
247	20	57	5
147	7	130	5
614	20	1	5
1668	0	114	5
63	5	6	5
57	5	145	5
153	3	310	5
20	12	543	5
287	0	6	5
1541	0	543	5
153	2	382	5
21	20	1	5
380	104	6053	5
9	33	2	5
31	8	1827	5
37	7	57	5
477	7	1511	5
205	0	9	5
22	12	21	5
354	18	1191	5
31	48	770	5
19	11	184	5
112	26	7	5
377	10	117	5
4654	3	1629	5
184	10	19	5
9	38	48	5
22	12	6	5
83	11	254	5
11	13	7	5
320	2	3	5
142	8	6	5
145	4	57	5
801	0	355	5
13	1	2959	5
317	2	5	5
11	53	2236	5
21	12	22	5
21	0	1	5
34	184	11	5
14	0	1398	5
190	0	118	5
4570	8	1715	5
1037	0	35	5
19	6	184	5
182	8	386	5
942	10	1969	5
1293	2	156	5
461	27	39	5
237	18	955	5
19	3	17	5
403	3	222	5
5865	90	2588	5
0	13	80	5
144	7	14	5
1800	7	244	5
2027	1	38	5
471	2	878	5
93	6	92	5
3	10	1759	5
153	20	310	5
596	2	1325	5
19	45	17	5
290	2	2331	5
1468	2	3	5
145	0	37	5
1245	18	6220	5
392	39	1	5
76	0	326	5
125	14	1532	5
1470	48	3	5
129	21	918	5
5121	0	190	5
3	9	1470	5
153	7	180	5
74	6	3903	5
17	92	897	5
115	0	36	5
457	9	310	5
4438	0	112	5
6	12	22	5
719	10	242	5
29	6	81	5
130	19	72	5
10	8	27	5
42	2	8	5
361	2	5	5
7	73	57	5
3	9	320	5
32	6	16	5
8	12	42	5
1885	11	180	5
543	3	20	5
9	8	48	5
861	3	9	5
215	9	125	5
4205	97	2555	5
38	2	1433	5
320	166	3	5
484	3	1	5
253	0	719	5
153	9	310	5
72	19	130	5
97	0	1363	5
142	0	1	5
10	26	8	5
1	5	257	5
940	0	112	5
206	3	1	5
74	6	81	5
1398	7	1	5
32	18	581	5
1681	11	19	5
1579	2	31	5
142	2	21	5
4988	9	6087	5
1813	7	457	5
498	2	2	5
936	0	353	5
1316	18	1191	5
3471	2	731	5
202	3	1	5
1	208	89	5
57	13	37	5
2327	28	751	5
12	3	6	5
493	20	156	5
1712	111	99	5
709	13	551	5
115	4	175	5
2329	61	310	5
6	3	22	5
6568	0	165	5
257	4	1	5
20	4	58	5
1379	0	1194	5
646	3	583	5
56	23	3	5
14	22	1	5
1	5	130	5
551	13	709	5
2	2	9	5
87	35	8	5
44	1	1248	5
1248	1	44	5
6	0	1	5
80	13	0	5
1541	3	20	5
145	27	37	5
377	35	8	5
933	0	912	5
1681	32	19	5
9	2	467	5
21	14	22	5
38	1	2027	5
72	46	130	5
2262	2	55	5
225	6	177	5
6186	0	6708	5
2	8	52	5
206	2	484	5
3322	0	34	5
758	0	9	5
823	21	1384	5
35	46	73	5
4962	0	153	5
3471	2	2327	5
1611	50	2555	5
6	4	63	5
335	17	218	5
206	3	484	5
140	25	812	5
6	0	22	5
4654	3	361	5
552	21	80	5
37	27	145	5
6	12	487	5
1646	0	921	5
6	14	22	5
1324	1	206	5
1	55	8	5
19	20	17	5
34	52	11	5
145	3	37	5
376	9	72	5
830	7	161	5
147	7	202	5
182	0	386	5
218	17	335	5
2959	1	13	5
218	0	1219	5
457	2	310	5
543	12	20	5
493	14	156	5
3471	2	751	5
130	4	1	5
226	0	24	5
117	10	377	5
115	3	175	5
6788	35	8	5
3	9	676	5
45	6	279	5
189	9	16	5
0	0	5	5
153	2	310	5
17	10	19	5
545	0	383	5
29	17	335	5
175	5	115	5
205	13	2	5
206	1	1324	5
170	21	172	5
31	26	65	5
145	3	57	5
37	13	57	5
583	3	646	5
475	3	18	6
646	3	583	6
62	29	5	6
8	11	87	6
57	13	37	6
37	0	57	6
446	11	78	6
4570	8	1715	6
310	2	180	6
1610	11	3	6
102	2	554	6
255	6	16	6
4617	0	360	6
1023	0	126	6
59	7	8	6
1061	4	353	6
213	49	3	6
3	48	56	6
202	3	429	6
44	2	1248	6
3	88	1222	6
31	8	100	6
63	5	6	6
1	5	1398	6
18	6	31	6
59	1	42	6
583	3	646	6
248	0	1195	6
44	30	3	6
52	28	309	6
14	1	836	6
936	0	2780	6
1222	1	1248	6
115	3	16	6
2219	10	140	6
86	0	322	6
1867	0	292	6
59	19	42	6
484	0	1	6
248	0	1	6
1041	7	1517	6
8	43	400	6
1	5	484	6
149	0	5239	6
1209	0	1	6
23	40	80	6
1751	2	1910	6
42	1	59	6
42	2	8	6
48	13	2	6
12	3	6	6
2	8	9	6
2111	6	16	6
2	2	90	6
34	3	1	6
1398	4	1	6
477	14	6877	6
143	2	2176	6
153	3	310	6
202	3	1	6
6422	18	559	6
165	14	16	6
6	0	1	6
2428	10	3386	6
154	10	3	6
295	4	10	6
1041	1	153	6
142	3	1	6
2	28	52	6
501	1	150	6
1	16	8	6
484	1	14	6
141	26	11	6
836	1	14	6
873	10	8	6
12	3	21	6
57	5	145	6
10	5	295	6
31	78	18	6
233	9	53	6
185	1	329	6
37	13	57	6
245	9	82	6
287	0	6	6
145	4	57	6
6	4	63	6
389	49	6896	6
12	1	6	6
389	49	2088	6
429	2	14	6
99	23	389	6
484	4	1	6
93	6	92	6
19	2	17	6
141	2	60	6
253	6	628	6
16	2	36	6
484	7	1	6
123	3	51	6
264	2	757	6
833	2	2958	6
2034	13	5065	6
13	1	289	6
21	3	12	6
1813	7	457	6
3808	33	2834	6
6764	3	751	6
100	185	18	6
3170	11	313	6
2078	0	594	6
3201	0	731	6
164	1	47	6
354	0	1	6
324	8	9	6
47	29	5	6
15	29	161	6
156	2	493	6
289	1	13	6
4977	60	139	6
316	13	1	6
1248	1	1222	6
149	0	86	6
2959	1	13	6
437	1	610	6
2589	0	1195	6
290	1	529	6
57	1	145	6
4	7	145	6
5065	49	2034	6
649	3	1	6
129	21	918	6
1579	0	100	6
933	0	912	6
529	1	290	6
42	0	8	6
145	0	37	6
3374	2	31	6
74	6	81	6
142	0	1	6
2	69	9	6
1078	108	1903	6
6	15	12	6
1579	2	31	6
457	9	310	6
329	1	185	6
78	10	446	6
253	6	1083	6
22	20	2290	6
353	5	1061	6
202	16	1	6
3452	8	310	6
62	9	0	6
44	41	3	6
473	0	330	6
922	6	146	6
145	1	57	6
93	6	511	6
47	1	164	6
6	3	12	6
106	6	2	6
22	38	2290	6
4977	60	5	6
31	10	100	6
477	0	5439	6
42	19	59	6
87	35	8	6
31	3	18	6
1980	23	16	6
361	2	317	6
1439	6	5659	6
719	10	242	6
640	0	145	6
13	1	2959	6
131	0	72	6
968	4	15	6
286	0	61	6
1003	9	155	6
103	8	64	6
1346	1	14	6
224	0	120	6
2176	0	20	6
324	2	9	6
362	6	211	6
166	6	121	6
44	14	10	6
10	26	8	6
580	2	4051	6
6	1	12	6
1248	1	44	6
19	6	17	6
153	1	1041	6
14	7	67	6
42	70	796	6
122	126	3559	6
65	97	18	6
5863	26	4223	6
15	5	968	6
482	10	64	6
14	0	1	6
150	1	501	6
57	3	37	6
361	2	5	6
47	7	5	6
812	21	140	6
14	1	1346	6
57	1	37	6
14	1	484	6
7052	2	1150	6
44	1	1248	6
628	10	49	6
142	2	21	6
610	1	437	6
319	0	48	6
2	9	9	6
74	44	29	6
5	49	3350	6
19	18	17	6
20	35	30	6
457	9	3500	6
19	3	17	6
2179	8	404	6
1	5	836	6
1922	2	2978	6
12	15	6	6
1966	0	391	6
2	29	9	6
37	1	57	6
1	16	202	6
16	10	32	6
35	46	73	6
180	10	1801	6
836	4	1	6
18	29	31	6
8	11	873	6
640	0	37	6
166	18	121	7
63	5	21	7
248	4	1	7
3	48	56	7
57	13	37	7
1	5	836	7
1	5	248	7
1	5	484	7
311	3	3	7
1248	1	1222	7
224	0	120	7
0	16	7	7
36	18	581	7
146	8	922	7
1982	111	982	7
45	6	279	7
14	1	484	7
423	3	20	7
0	63	353	7
639	0	5624	7
2660	10	247	7
186	13	3053	7
37	13	57	7
3854	0	218	7
218	85	5043	7
31	20	475	7
64	34	127	7
461	1	6	7
2215	0	714	7
52	8	2	7
136	1	3440	7
17	23	19	7
39	4	10	7
19	9	17	7
101	34	5070	7
592	7	67	7
453	20	81	7
59	2	42	7
461	0	6	7
4205	97	2555	7
4	39	15	7
31	3	18	7
1541	3	20	7
11	7	141	7
2219	10	140	7
8	12	4	7
3354	10	180	7
591	7	1085	7
44	6	3	7
3	15	616	7
42	19	59	7
100	83	18	7
842	3	44	7
6	4	63	7
146	65	425	7
146	10	425	7
10	6	1342	7
861	0	467	7
38	13	6	7
11	0	7	7
484	1	206	7
434	0	9	7
76	2	2	7
974	0	717	7
206	0	1	7
3860	7	2577	7
3351	0	1138	7
149	0	5239	7
64	45	482	7
208	1	4494	7
614	1	10	7
87	10	8	7
484	0	1	7
1603	7	476	7
129	21	918	7
58	16	202	7
383	10	821	7
63	5	6	7
475	3	18	7
10	7	864	7
59	19	42	7
4494	1	208	7
233	6	896	7
758	0	52	7
1222	1	1248	7
1566	26	0	7
991	2	3	7
264	5	836	7
4	12	8	7
65	97	18	7
1845	83	15	7
19	18	151	7
1233	3	58	7
8	7	1	7
836	4	1	7
119	43	17	7
484	4	1	7
57	5	145	7
2215	24	1585	7
57	12	1903	7
105	1	783	7
247	11	2660	7
53	0	287	7
311	3	188	7
1966	0	391	7
974	1	717	7
615	0	1185	7
873	35	8	7
2	9	9	7
3053	13	186	7
4	7	35	7
1627	1	989	7
1903	12	57	7
115	61	175	7
484	3	14	7
1398	0	1	7
59	1	42	7
6	2	11	7
310	2	180	7
11	20	7	7
6	14	22	7
528	0	933	7
74	6	81	7
76	0	9	7
812	21	140	7
484	7	1	7
3248	2	2730	7
602	3	1	7
14	0	1	7
744	18	578	7
1	5	626	7
145	4	57	7
484	1	14	7
797	32	2	7
126	9	1023	7
10	1	614	7
32	2	16	7
161	8	436	7
6	4	10	7
2	129	799	7
717	1	974	7
735	9	16	7
3440	1	136	7
37	12	57	7
1686	1	980	7
59	7	42	7
4680	1	5131	7
744	136	31	7
757	95	38	7
21	1	22	7
228	20	9	7
6	3	12	7
200	32	2257	7
257	17	836	7
2	2	105	7
215	9	125	7
45	0	108	7
56	9	320	7
89	62	117	7
3440	1	2514	7
6	12	22	7
42	1	59	7
11	53	312	7
22	1	21	7
57	12	37	7
1211	29	57	7
7	16	0	7
10	7	1	7
3	20	842	7
370	13	140	7
836	4	264	7
52	2	2	7
248	0	22	7
354	0	1	7
1813	7	457	7
626	4	1	7
290	0	1138	7
2514	1	3440	7
67	16	1	7
2150	0	100	7
119	6	17	7
206	0	484	7
48	0	9	7
20	12	423	7
3417	0	161	7
38	95	757	7
20	6	5492	7
673	2	3	7
5667	2	4734	7
922	6	146	7
100	183	18	7
641	74	99	7
136	1	2514	7
1817	9	72	7
21	4	63	7
5131	1	4680	7
32	8	16	7
812	10	140	7
783	1	105	7
3146	0	113	7
2	2	1168	7
140	24	137	7
1541	0	423	7
11	28	141	7
28	23	9	7
17	58	19	7
42	0	8	7
1594	0	812	7
10	52	316	7
8	32	2257	7
19	6	17	7
0	8	5	7
2466	0	182	7
980	1	1686	7
376	0	844	7
9	50	2	7
6	1	461	7
0	52	316	7
22	12	6	7
16	20	36	7
248	0	1	7
1845	24	436	7
836	17	257	7
1078	0	43	7
423	12	20	7
2493	0	931	7
12	3	6	7
310	14	153	7
735	0	36	7
206	1	484	7
0	128	57	7
6	13	38	7
2514	1	136	7
117	35	2624	7
4	56	15	7
1	16	67	7
202	16	58	7
2152	26	15	7
989	1	1627	7
6	3	10	7
10	5	39	7
8	9	510	7
10	5	6	7
9	15	6897	8
673	2	3	8
1276	14	17	8
57	1	1903	8
1	1	484	8
310	1	1296	8
1903	1	57	8
37	1	43	8
179	5	949	8
2176	0	1662	8
240	29	1907	8
392	39	1	8
484	0	14	8
46	2	284	8
420	10	2	8
143	0	20	8
11	61	7	8
995	0	21	8
1337	12	1065	8
1211	5	3710	8
125	23	559	8
361	1	1580	8
9	9	197	8
300	0	335	8
218	85	5043	8
1296	1	310	8
501	2	211	8
39	3	10	8
153	1	1041	8
1211	7	57	8
819	3	1	8
8	0	2106	8
2956	0	105	8
5314	8	755	8
3912	26	233	8
283	0	5	8
48	0	9	8
43	5	37	8
605	6	450	8
704	1	773	8
14	1	484	8
142	2	21	8
538	0	0	8
1479	7	531	8
11	80	7	8
1	5	257	8
4	19	35	8
2	9	197	8
484	117	1	8
57	28	173	8
4	7	35	8
739	3	37	8
159	1	211	8
894	6	60	8
23	5	732	8
63	4	70	8
99	23	389	8
803	13	928	8
146	10	425	8
641	74	99	8
732	4	23	8
63	5	6	8
1517	0	153	8
257	4	1	8
43	1	37	8
166	18	121	8
283	6	365	8
141	0	5093	8
10	6	1342	8
1966	0	391	8
1	1	827	8
10	13	5	8
1928	13	629	8
1211	7	3710	8
1355	111	696	8
42	7	59	8
1258	1	949	8
2245	3	3034	8
52	2	252	8
3	36	154	8
328	1	38	8
543	1	336	8
9	2	799	8
3	9	47	8
312	28	141	8
519	1	711	8
6	4	63	8
284	25	942	8
336	1	543	8
2563	7	123	8
2509	3	18	8
2121	28	4114	8
744	136	31	8
826	8	275	8
6	4	95	8
115	29	16	8
389	2	99	8
1928	0	860	8
15	71	408	8
949	1	1258	8
49	3	1	8
6914	50	982	8
1	5	130	8
205	0	9	8
2466	11	2905	8
583	1	646	8
89	9	117	8
873	35	8	8
398	14	31	8
673	29	2203	8
176	8	87	8
122	0	5493	8
35	3	22	8
3078	8	692	8
209	2	31	8
362	0	211	8
129	21	918	8
484	4	1	8
3912	26	576	8
1580	1	361	8
1	16	8	8
247	11	57	8
949	2	172	8
10	0	5	8
1931	1	39	8
37	4	43	8
4	39	15	8
1457	10	2	8
646	1	583	8
868	20	831	8
1003	6	155	8
55	58	273	8
744	0	954	8
732	2	741	8
153	0	1517	8
3	8	44	8
55	42	6891	8
251	2	2	8
26	12	569	8
1050	2	343	8
251	9	2	8
3710	4	1211	8
1994	6	1281	8
19	6	17	8
93	43	92	8
292	8	688	8
1206	0	197	8
3228	1	301	8
495	3	146	8
185	2	11	8
9	0	197	8
688	8	2970	8
683	0	9	8
70	5	63	8
142	8	6	8
4020	9	919	8
42	19	59	8
180	2	1041	8
10	7	692	8
38	1	63	8
370	6	140	8
5	13	10	8
153	2	1517	8
3	2	1468	8
425	65	146	8
17	13	92	8
711	1	519	8
173	0	2341	8
9	150	136	8
59	1	42	8
12	19	6	8
29	6	81	8
2629	0	19	8
102	1	164	8
19	18	17	8
583	12	646	8
1041	1	153	8
354	0	1	8
456	21	18	8
99	29	389	8
153	29	1517	8
2121	7	111	8
76	2	2	8
484	1	14	8
508	0	5927	8
692	0	0	8
2962	14	610	8
1	5	484	8
119	111	3607	8
646	12	583	8
211	1	159	8
4	8	15	8
3217	74	548	8
164	1	102	8
3	9	44	8
812	10	140	8
1041	118	153	8
246	34	155	8
0	57	67	8
244	0	482	8
3234	10	20	8
317	2	3	8
6	19	12	8
42	0	8	8
57	0	37	8
14	0	1	8
1164	3	67	8
228	2	9	8
59	2	42	8
1380	0	2466	8
92	13	17	8
670	2	55	8
0	15	339	8
386	39	57	8
576	0	183	8
142	0	1	8
59	19	42	8
3417	8	25	8
20	11	3234	8
35	19	4	8
362	49	211	8
3	8	47	8
42	1	59	8
16	8	1146	8
522	0	15	8
484	1	1	8
5	7	148	8
63	1	328	8
1096	1	2165	8
827	1	1	8
130	4	1	8
328	1	63	8
39	1	1931	8
2165	1	1096	8
949	4	179	8
457	29	1517	8
153	2	1041	8
12	13	6	8
9	0	90	8
301	1	3228	8
1337	0	724	8
569	12	26	8
212	7	1021	8
2	2	205	8
1380	0	2905	8
218	0	57	8
57	46	37	8
666	6	3	8
3	10	275	8
773	1	704	8
796	10	117	8
484	52	1	8
95	5	6	8
108	21	45	8
6	13	12	8
63	1	38	8
117	10	796	8
1065	12	1337	8
38	1	328	8
1498	3	1	8
596	2	0	9
3217	0	548	9
3	22	275	9
18	2	31	9
3217	42	548	9
119	0	19	9
269	0	317	9
18	29	31	9
169	76	268	9
253	0	49	9
51	0	36	9
57	46	37	9
1037	0	35	9
19	6	17	9
1	5	484	9
1998	1	4933	9
277	28	3	9
658	6	1431	9
2623	12	3396	9
16	2	36	9
304	1	71	9
516	4	67	9
2552	3	12	9
3142	0	3437	9
310	55	1801	9
2070	7	70	9
4709	1	4516	9
2670	1	3038	9
99	15	290	9
92	13	93	9
127	24	64	9
100	29	31	9
64	34	127	9
125	8	1949	9
7	15	5	9
10	59	111	9
12	1	6	9
1206	0	90	9
692	0	0	9
787	0	68	9
574	1	25	9
2	2	239	9
1031	6	4579	9
12	3	6	9
67	5	329	9
19	18	151	9
1	5	248	9
1331	2	453	9
71	1	304	9
168	1	6	9
8	59	88	9
818	14	155	9
619	7	483	9
56	8	102	9
732	2	741	9
125	23	215	9
549	48	180	9
7	3	1	9
14	1	1346	9
1	16	67	9
396	10	82	9
56	24	47	9
42	0	8	9
542	2	31	9
129	21	918	9
143	0	20	9
6	0	11	9
67	5	516	9
705	0	184	9
212	7	1021	9
383	23	821	9
1346	1	14	9
202	12	1	9
346	6	177	9
25	1	574	9
4	12	1	9
310	13	457	9
551	67	509	9
3196	49	3350	9
10	52	316	9
407	10	733	9
93	13	92	9
6	1	168	9
815	2	107	9
102	1	164	9
142	2	21	9
1243	2	401	9
12	13	6	9
259	3	6	9
3	9	2647	9
240	29	1907	9
372	111	1331	9
2	2	297	9
3038	1	2670	9
844	2	271	9
183	19	182	9
1	5	836	9
4048	0	23	9
6	0	7	9
113	7	5684	9
38	0	569	9
1579	0	100	9
228	0	9	9
6	13	12	9
4933	1	1998	9
11	80	7	9
420	10	2	9
52	2	2	9
457	13	310	9
362	20	211	9
438	3	5040	9
5	16	88	9
56	31	47	9
484	4	1	9
1	40	89	9
757	0	3084	9
551	15	509	9
327	0	9	9
294	8	164	9
2456	38	5385	9
3	31	47	9
251	20	2	9
2466	11	2905	9
14	0	1	9
81	58	74	9
1060	6	2493	9
2176	14	1662	9
379	22	31	9
4516	1	4709	9
351	0	57	9
3733	14	31	9
153	2	310	9
127	31	64	9
4	3	35	9
17	8	993	9
483	7	544	9
457	15	310	9
6	3	1207	9
1580	1	361	9
143	2	20	9
202	6	3119	9
12	3	10	9
6	3	10	9
3860	7	1395	9
31	22	100	9
363	26	116	9
12	3	487	9
42	2	400	9
6	0	22	9
247	35	57	9
519	0	2606	9
463	78	7	9
3	23	616	9
88	16	5	9
248	0	1	9
29	6	81	9
49	3	1	9
22	12	6	9
3257	6	107	9
361	1	1580	9
1	12	4	9
270	0	36	9
62	3	1139	9
202	3	207	9
2010	18	74	9
1833	37	2640	9
602	3	1	9
577	5	4048	9
6	1	12	9
164	1	102	9
6	12	22	9
460	7	3360	9
18	3	31	9
294	75	3	9
107	10	37	9
202	3	14	9
0	52	316	9
327	2	2	9
72	3	131	9
1398	0	1	9
170	21	172	9
9	9	197	9
248	4	1	9
67	16	1	9
47	14	3	9
370	6	812	9
3396	12	2623	9
1695	0	110	9
2103	7	502	9
4048	4	577	9
1899	4	37	9
1881	21	54	9
844	8	271	9
1	12	202	9
9	41	2	9
247	11	57	9
7	61	5	9
170	6	78	9
12	3	21	9
310	15	457	9
2234	7	285	9
182	19	183	9
183	0	27	9
212	7	201	9
5	15	7	9
425	10	146	9
65	39	18	9
60	3	14	9
89	9	117	9
510	111	200	9
472	8	551	9
3	2	1468	9
5	139	0	9
457	55	1801	9
165	0	255	9
131	3	10	9
95	34	3020	9
417	0	36	9
268	76	169	9
64	6	482	9
1591	170	3	9
2121	28	4114	9
1294	8	993	9
836	4	1	9
247	39	57	9
248	0	22	9
329	4	67	9
2117	14	98	9
37	5	1899	9
62	3	2088	9
0	2	5	9
386	39	57	9
4088	2	2389	9
147	2	596	9
41	0	874	10
12	1	6	10
620	2	121	10
35	33	22	10
1322	10	3800	10
29	5	575	10
1	5	26	10
67	5	329	10
68	30	1761	10
8	0	42	10
315	12	403	10
376	9	72	10
184	10	1799	10
575	4	29	10
44	6	177	10
3	9	44	10
4012	0	1761	10
168	1	6	10
259	3	6	10
15	7	67	10
456	21	100	10
403	12	315	10
294	8	164	10
456	10	31	10
26	3	1	10
18	29	31	10
20	8	0	10
294	9	164	10
14	2	26	10
4749	0	1761	10
379	0	65	10
12	3	10	10
3155	4	57	10
94	2	669	10
67	5	516	10
372	131	6095	10
57	5	3155	10
25	1	574	10
516	0	67	10
7	114	57	10
63	2	39	10
12	17	6	10
27	0	10	10
1322	31	68	10
73	18	1137	10
67	5	21	10
5731	0	583	10
3	10	93	10
1693	14	31	10
202	16	1	10
37	93	107	10
222	5	403	10
68	11	85	10
489	32	3	10
516	4	67	10
25	8	8	10
213	14	3	10
41	0	64	10
42	0	4	10
529	8	290	10
85	31	68	10
3	9	102	10
742	0	2148	10
38	3	216	10
1	16	202	10
7	3	1	10
2747	2	918	10
456	21	18	10
3	49	102	10
1258	0	179	10
6	17	12	10
1000	86	1540	10
329	4	67	10
1799	10	184	10
3800	11	1322	10
14	3	8	10
57	106	7	10
59	2	133	10
14	3	26	10
12	12	216	10
3	24	56	10
207	0	1	10
6	1	12	10
221	102	34	10
2597	0	22	10
645	2	1214	10
1943	0	2083	10
140	8	3846	10
57	111	982	10
403	4	222	10
93	32	180	10
6	1	168	10
206	0	14	10
21	4	67	10
25	7	8	10
396	10	82	10
574	1	25	10
17	15	19	10
107	35	37	10
37	0	982	10
516	7	67	10
100	23	18	10
26	4	1	10
15	71	408	10
6	3	1207	10
68	34	85	10
38	3	6	10
376	9	643	10
216	12	12	10
522	6	344	10
68	11	1322	10
529	2	290	10
121	38	30	10
23	8	0	10
335	7	1330	10
26	3	63	11
1222	2	3	11
133	19	59	11
2804	0	5637	11
47	1	164	11
3	2	102	11
142	0	1	11
406	2	31	11
6	14	3370	11
413	87	136	11
85	31	68	11
0	13	10	11
12	12	216	11
12	3	216	11
379	2	31	11
29	6	81	11
484	22	1	11
44	6	177	11
164	1	47	11
6	3	10	11
2543	0	2579	11
26	4	1	11
347	1	2545	11
3	8	676	11
75	0	3046	11
100	83	18	11
171	7	4088	11
3212	24	173	11
39	1	1860	11
222	6	4256	11
12	4	10	11
1041	118	153	11
182	1	216	11
270	29	6235	11
46	7	1812	11
1114	6	1968	11
59	19	133	11
1	5	26	11
100	74	406	11
68	34	85	11
1114	6	2023	11
10	5	12	11
248	0	1	11
57	2	182	11
1918	0	1195	11
2236	1	5133	11
321	12	1962	11
3	2	263	11
212	3	22	11
442	0	1	11
14	3	8	11
10	5	6	11
216	1	182	11
46	6	177	11
1646	0	1607	11
5133	1	2236	11
306	1	72	11
1229	6	317	11
6	3	12	11
403	13	315	11
265	32	3	11
294	8	164	11
294	9	164	11
1	5	248	11
131	3	21	11
182	20	57	11
26	3	1	11
4	0	1	11
3122	6	942	11
1860	1	39	11
213	14	3	11
108	12	45	11
935	0	41	11
2545	1	347	11
64	34	127	11
3	2	164	11
57	0	112	11
248	4	1	11
640	0	37	11
14	2	26	11
10	5	38	11
6	0	1	11
6649	56	3	11
310	52	1813	11
216	12	12	11
14	4	63	11
1670	0	86	11
5	64	7	11
384	32	1472	11
134	6	433	11
133	8	42	11
3577	14	617	11
2	2	9	11
1386	21	1829	11
45	12	108	11
109	0	0	11
5819	3	57	11
127	31	64	11
368	23	3	11
94	2	669	11
5110	0	5	11
59	3	22	11
457	10	180	11
38	4	10	11
413	0	136	11
8	9	391	11
226	8	2562	11
874	0	41	11
42	0	8	11
102	8	3	11
3046	0	75	11
943	0	3448	11
12	3	6	11
84	0	525	11
342	8	1269	11
1645	0	10	11
185	2	111	11
41	0	874	11
63	5	14	11
315	13	403	11
413	2	136	11
1852	16	298	11
102	8	1343	11
3	10	1400	11
45	0	20	11
22	3	212	11
104	15	2692	11
1189	18	3	11
167	68	15	11
591	96	2	11
25	7	8	11
599	8	4256	11
72	1	306	11
59	2	133	11
263	9	3	11
3	8	742	11
1645	0	67	11
1	2	26	11
141	7	1151	11
10	13	0	11
4704	8	1778	11
3	9	44	11
386	39	57	11
87	66	8	11
5	64	0	11
310	100	1813	11
1405	2	3	11
12	3	10	11
6	4	10	11
936	0	353	11
1962	12	321	11
35	33	22	11
125	2	2521	11
1042	10	1829	11
8	1	42	12
247	35	57	12
218	0	2204	12
1	3	26	12
531	43	3	12
20	5	969	12
969	4	20	12
347	0	287	12
336	1	1864	12
4	0	1	12
1625	10	2	12
348	0	3442	12
20	13	5	12
5	16	7	12
0	3	10	12
12	1	21	12
132	89	724	12
46	1	10	12
198	105	1832	12
68	34	85	12
153	0	310	12
19	9	184	12
10	27	0	12
10	5	12	12
1	1	484	12
198	3	565	12
0	7	1	12
12	1	14	12
38	3	21	12
683	1	805	12
565	1	1204	12
370	6	140	12
484	22	1	12
99	8	290	12
42	2	8	12
8	5	14	12
12	3	6	12
12	12	6	12
3370	8	27	12
10	1	0	12
14	3	12	12
2346	0	1536	12
93	6	92	12
1502	1	12	12
1115	7	604	12
61	0	588	12
319	7	9	12
341	11	2	12
456	21	18	12
181	14	637	12
215	6	125	12
1393	12	4	12
1398	0	1	12
7	16	5	12
59	1	22	12
95	5	26	12
100	83	18	12
119	0	995	12
4216	0	702	12
542	11	100	12
76	1	473	12
106	9	2	12
805	1	683	12
3	139	1389	12
0	1	10	12
21	1	12	12
120	7	125	12
1180	3	0	12
19	18	17	12
1322	31	68	12
2810	6	81	12
32	29	16	12
100	74	406	12
67	5	516	12
142	2	21	12
6	27	12	12
692	0	0	12
1	5	484	12
171	7	4088	12
148	5	14	12
2701	1	217	12
14	4	148	12
12	1	1502	12
132	0	83	12
198	1	565	12
153	7	457	12
10	5	38	12
198	2	1832	12
42	1	8	12
1244	2	2	12
48	0	9	12
94	2	669	12
1204	1	565	12
518	17	192	12
21	27	38	12
6569	2	669	12
2440	17	3030	12
119	6	151	12
299	108	1	12
31	20	18	12
1120	26	2	12
697	0	7	12
3	24	160	12
21	29	1	12
1670	0	86	12
6	3	12	12
10	1	46	12
67	5	329	12
105	0	57	12
1510	1	6	12
97	0	1200	12
5	13	20	12
472	3	1	12
26	3	1	12
0	15	2752	12
21	0	1	12
12	0	625	12
65	8	31	12
487	1	12	12
216	1	182	12
1189	6	3	12
1457	65	2	12
14	4	95	12
58	5	14	12
329	4	67	12
1864	1	336	12
46	5	26	12
31	2	1693	12
438	10	791	12
473	1	76	12
251	8	331	12
206	0	1	12
1192	2	61	12
150	8	61	12
6	0	12	12
379	22	65	12
31	83	18	12
48	2	136	12
770	8	18	12
6	0	1	12
533	0	18	12
247	10	1078	12
744	14	3733	12
1120	9	9	12
484	117	1	12
315	8	4155	12
692	7	0	12
8	93	25	12
17	9	19	12
3074	2	107	12
90	53	2	12
3737	21	726	12
1405	2	3	12
319	2	252	12
336	0	667	12
406	2	31	12
65	39	18	12
25	52	1	12
273	6	55	12
202	3	14	12
1771	10	17	12
243	35	49	12
688	37	2806	12
604	8	146	12
744	0	3733	12
3030	17	2440	12
192	17	518	12
194	1	606	12
1003	0	246	12
222	6	599	12
100	23	18	12
38	4	10	12
597	3	5331	12
218	3	2362	12
1991	11	1	12
57	0	37	12
1765	9	3	12
3	2	56	12
575	0	29	12
19	2	17	12
55	2	553	12
597	4	10	12
243	11	242	12
610	3	437	12
46	22	41	12
0	27	10	12
361	2	3	12
3074	0	1903	12
153	105	180	12
18	45	17	12
38	3	6	12
117	10	17	12
68	0	85	12
52	1	638	12
43	0	5	12
875	2	2	12
43	3	5	12
6	1	12	12
12	12	21	12
1079	26	1618	12
6	12	12	12
113	8	1252	12
565	1	198	12
495	8	146	12
1	5	38	12
6	1	1510	12
12	7	6	12
3374	3	31	12
379	2	31	12
3831	0	1993	12
38	0	12	12
21	27	12	12
202	3	207	12
1965	0	1887	12
438	96	130	12
239	0	309	12
1540	0	2055	12
1813	7	457	12
862	0	243	12
484	1	1	12
253	1	862	12
539	3	1104	12
227	0	68	12
702	0	4216	12
38	27	21	12
12	1	487	12
38	4	1	12
57	13	37	12
490	0	117	12
100	31	542	12
26	4	95	12
18	72	536	12
14	4	58	12
1627	1	4884	12
42	0	8	12
516	4	67	12
11	94	0	12
484	4	1	12
29	6	81	12
1618	26	1079	12
413	2	76	12
958	0	1	12
115	0	110	12
19	9	17	12
14	1	3289	12
3	3	56	12
369	2	23	12
37	13	57	12
14	4	8	12
26	4	46	12
2	13	331	12
4148	0	126	12
4	3	49	12
3	48	213	12
1104	8	118	12
437	3	610	12
68	0	1761	12
217	1	2701	12
4	12	1393	12
12	4	10	12
142	0	1	12
228	17	9	12
12	0	89	12
8	2	42	12
22	1	59	12
12	27	21	12
14	3	8	12
18	29	31	12
4311	23	100	12
4689	7	6052	12
100	31	18	12
183	0	1	12
97	0	602	12
147	2	2962	12
3289	1	14	12
1104	3	539	12
2022	0	65	12
182	1	216	12
6	7	22	12
2369	0	678	12
31	8	18	12
638	1	52	12
5	3	43	12
12	1	6	12
85	31	68	12
14	1	12	12
331	8	106	12
3	8	275	12
862	1	253	12
115	38	36	12
10	3	0	12
1215	2	56	12
10	5	597	12
14	2	26	12
2204	0	218	12
6	3	1072	12
55	9	418	12
606	1	194	12
4884	1	1627	12
430	3	45	12
2	8	239	12
95	5	14	12
99	2	389	12
430	0	45	12
248	0	1	12
362	14	211	12
359	7	52	12
68	34	1322	12
5	73	43	12
1327	3	179	12
138	0	14	12
1506	2	436	12
12	0	1	12
726	8	3737	12
275	15	910	12
21	12	12	12
1	7	138	12
12	27	6	12
100	20	18	12
39	7	68	12
179	134	3	12
1795	2	1222	12
522	6	2304	12
19	6	17	12
9	17	228	12
413	0	136	12
49	3	1	12
5028	0	1829	12
14	0	1	12
6	3	95	12
0	15	111	12
143	0	20	12
0	120	1	12
0	13	10	13
3955	5	1397	13
100	14	31	13
752	0	20	13
106	9	2	13
726	7	1864	13
14	4	8	13
1501	7	3214	13
297	28	2	13
14	3	42	13
1175	20	104	13
38	1	89	13
3746	0	39	13
1541	0	20	13
15	0	83	13
216	4	66	13
1322	31	68	13
283	9	365	13
63	5	6	13
100	0	18	13
17	37	184	13
27	14	10	13
8	5	14	13
63	1	38	13
113	3	1323	13
7056	0	2872	13
414	0	26	13
67	5	516	13
1829	1	1829	13
54	8	347	13
38	0	89	13
3292	2	450	13
69	15	15	13
115	0	36	13
2233	0	6048	13
15	15	69	13
113	0	1252	13
1512	99	2346	13
336	45	348	13
38	1	63	13
6	27	12	13
14	3	12	13
12	0	89	13
12	7	6	13
1	16	8	13
14	28	138	13
89	1	38	13
115	3	428	13
862	0	243	13
132	0	15	13
44	13	3	13
316	75	1	13
565	1	198	13
299	108	1	13
144	0	1	13
35	3	289	13
1702	9	3543	13
21	3	12	13
6	17	12	13
247	35	57	13
487	1	6	13
66	5	216	13
8	17	1	13
81	25	1017	13
3487	2	189	13
133	0	8	13
8	7	14	13
127	31	64	13
2849	1	62	13
21	4	1510	13
42	0	8	13
6	1	12	13
0	15	10	13
243	35	49	13
97	1	516	13
5324	9	1504	13
529	1	198	13
6	61	75	13
42	1	2674	13
202	4	1	13
2260	1	409	13
149	0	20	13
1776	24	2309	13
131	3	6	13
22	1	59	13
6	4	63	13
55	10	507	13
6	95	1072	13
1	0	144	13
63	1	328	13
6	0	1	13
3194	0	120	13
633	9	350	13
1532	36	125	13
68	34	1322	13
1127	25	16	13
726	2	336	13
6	3	95	13
42	12	8	13
28	11	2	13
12	1	6	13
8	1	14	13
138	9	1	13
83	21	254	13
120	5	3194	13
198	1	565	13
3194	4	120	13
307	10	2	13
1	17	10	13
74	115	29	13
24	4	67	13
1193	1	25	13
125	10	1927	13
2757	0	144	13
100	20	31	13
62	1	2849	13
1510	5	21	13
95	5	26	13
65	39	18	13
8	12	42	13
64	34	127	13
1901	10	189	13
11	9	7	13
1083	10	221	13
100	24	18	13
67	5	24	13
234	6	189	13
0	16	232	13
14	29	1	13
110	9	115	13
59	4	212	13
74	11	81	13
62	4	58	13
516	1	97	13
19	18	17	13
14	4	63	13
16	9	110	13
10	13	0	13
2039	2	2	13
15	16	69	13
100	29	31	13
25	1	1193	13
12	3	21	13
12	17	6	13
38	7	1	13
807	23	9	13
1	17	8	13
1204	1	565	13
14	3	8	13
215	6	125	13
2674	1	42	13
373	6	55	13
1832	1	198	13
525	20	411	13
516	4	67	13
35	2	289	13
10	5	12	13
115	8	36	13
232	16	0	13
2233	0	138	13
321	4	66	13
151	10	19	13
1397	4	3955	13
113	3	2295	13
1654	72	836	13
237	43	156	13
69	16	15	13
16	14	36	13
147	16	0	13
66	5	51	13
100	24	360	13
100	29	360	13
23	7	80	13
98	0	4550	13
27	0	220	13
26	4	95	13
38	0	4372	13
0	5	3345	13
328	1	63	13
74	18	81	13
14	1	8	13
478	25	1040	13
100	83	18	13
55	9	418	13
29	6	81	13
51	4	66	13
21	27	487	13
822	18	3553	13
59	1	22	13
87	21	1900	13
13	14	229	13
10	17	1	13
198	1	1832	13
27	3	35	13
289	22	880	13
1072	1	6	13
4	0	1	13
1843	2	2	13
1385	10	446	13
6	27	38	13
6	1	487	13
71	2	0	13
938	3	262	13
39	26	336	13
2404	0	117	13
744	74	31	13
1003	0	246	13
6	0	89	13
58	5	62	13
8	7	25	13
409	1	2260	13
198	1	529	13
471	8	878	13
6	3	12	13
63	5	14	13
66	5	321	13
1	5	202	13
207	0	1	13
328	1	38	13
12	3	6	13
14	7	8	13
38	1	328	13
5499	2	822	13
26	3	1	13
8	16	1	13
6102	23	6273	13
14	0	8	13
12	4	10	13
981	0	885	13
11	20	7	13
933	0	912	13
4	3	75	13
4	12	1393	13
29	7	1287	13
373	8	55	13
12	27	6	13
656	6	108	13
487	27	21	13
726	0	448	13
27	3	10	13
38	27	6	13
749	0	354	13
106	14	2	13
5	225	57	13
2890	0	227	13
428	3	115	13
1457	21	2	13
59	13	22	13
781	43	920	13
3345	4	0	13
6	1	1072	13
1393	12	4	13
106	14	9	13
1901	36	189	13
565	1	1204	13
212	5	59	13
4	3	49	13
301	2	5	13
468	11	139	13
131	3	21	13
468	11	139	14
328	1	38	14
456	10	31	14
149	0	20	14
45	6	441	14
1191	0	1	14
248	0	1	14
2104	9	986	14
14	4	138	14
6	7	82	14
273	6	55	14
1322	31	68	14
1991	11	1	14
100	58	18	14
2421	21	31	14
14	28	138	14
42	61	87	14
204	10	446	14
389	2	99	14
1265	3	1862	14
12	4	10	14
100	23	360	14
365	129	2003	14
6981	0	701	14
4168	3	4686	14
95	5	3964	14
3291	9	1702	14
100	29	946	14
6	19	12	14
114	5	608	14
895	9	376	14
605	7	2914	14
38	1	63	14
12	13	6	14
29	2	260	14
58	37	117	14
721	4	10	14
2914	2	1613	14
1265	3	46	14
3	48	2194	14
67	5	516	14
332	11	107	14
147	9	5	14
1247	3	3	14
158	7	1	14
2	10	319	14
880	38	121	14
188	3	3	14
351	26	4398	14
4988	18	6111	14
2421	10	31	14
16	9	32	14
17	10	55	14
869	1	14	14
30	0	166	14
82	6	1002	14
158	7	10	14
6	13	12	14
402	4	66	14
87	10	8	14
37	5	739	14
1247	3	2180	14
21	13	12	14
2	2	9	14
1	16	8	14
1	7	89	14
608	4	114	14
12	1	6	14
293	17	1278	14
954	0	18	14
835	29	2	14
39	1	317	14
360	121	18	14
862	0	415	14
752	0	20	14
1613	14	450	14
224	2	0	14
1613	31	605	14
4024	8	104	14
1278	17	293	14
1705	0	0	14
6	4	63	14
319	11	2	14
21	0	1	14
406	2	31	14
143	0	20	14
439	0	8	14
5	15	43	14
8	5	1	14
373	8	55	14
14	27	1	14
4467	1	39	14
12	17	6	14
780	8	5862	14
450	3	605	14
19	3	151	14
8	5	14	14
3492	0	34	14
2950	0	5	14
66	7	37	14
32	6	340	14
364	9	386	14
435	1	4693	14
6	27	614	14
413	2	2	14
880	38	30	14
124	2	3	14
475	2	31	14
19	9	17	14
0	16	313	14
895	9	818	14
253	6	242	14
450	36	605	14
138	5	14	14
103	7	678	14
100	29	31	14
355	8	123	14
42	2	235	14
12	3	6	14
57	5	1211	14
10	5	721	14
1078	11	37	14
100	83	18	14
759	42	282	14
321	4	66	14
21	22	89	14
63	5	6	14
28	11	2	14
313	16	0	14
719	10	415	14
75	1	410	14
15	5	39	14
520	0	58	14
97	2	803	14
68	36	85	14
125	2	5183	14
516	4	67	14
260	2	74	14
16	2	735	14
51	4	66	14
6	17	12	14
100	0	18	14
3	3	47	14
487	1	14	14
1049	3	0	14
80	7	153	14
165	0	255	14
19	18	151	14
66	5	51	14
22	1	6	14
739	4	37	14
39	4	15	14
222	5	403	14
1541	0	20	14
248	4	1	14
85	24	68	14
1652	2	177	14
82	0	54	14
8	1	14	14
2421	21	18	14
536	13	31	14
372	26	871	14
14	1	8	14
12	13	21	14
26	7	95	14
649	0	24	14
6	1	22	14
158	7	0	14
47	3	3	14
5	73	111	14
1761	5	4489	14
153	28	180	14
3964	4	95	14
16	2	32	14
336	20	348	14
1	4	8	14
317	1	39	14
4693	1	435	14
328	1	63	14
88	16	8	14
959	6	2	14
4	0	1	14
16	15	32	14
895	11	376	14
1193	0	313	14
1524	10	919	14
142	8	293	14
66	5	402	14
403	4	222	14
3	14	164	14
177	48	2193	14
4762	8	343	14
14	4	8	14
300	0	66	14
14	2	1	14
4414	1	4065	14
1104	3	593	14
39	1	4467	14
31	8	18	14
63	1	38	14
66	122	1905	14
4691	23	155	14
49	20	415	14
0	8	5	14
6	1	12	14
484	22	1	14
1162	32	1838	14
439	0	808	14
200	2	8	14
2914	2	450	14
31	13	536	14
895	9	155	14
23	7	153	14
5103	0	2016	14
4065	1	4414	14
0	7	153	14
26	3	1	14
82	0	396	14
281	29	2	14
1767	1	3371	14
3443	7	1621	14
231	0	4149	14
2740	22	3158	14
10	5	12	14
3415	7	74	14
490	0	1524	14
614	27	6	14
1211	4	57	14
1	27	14	14
2	2	90	14
373	6	55	14
938	7	27	14
46	53	177	14
14	1	487	14
385	6	364	14
12	19	6	14
367	0	169	14
63	1	328	14
32	6	674	14
8	11	87	14
3371	1	1767	14
1078	35	37	14
49	3	1336	14
1581	0	29	14
1	5	248	14
66	5	321	14
127	24	41	14
410	1	75	14
38	1	328	14
14	1	869	14
4	2	1	14
728	3	0	14
31	8	406	14
12	4	1	14
1	5	12	14
895	0	376	14
8	16	1	14
3212	2	173	14
4489	4	1761	14
605	43	1613	14
575	15	107	14
74	6	81	14
177	10	2193	14
8	16	88	14
14	3	12	14
1906	0	73	14
144	0	1	14
100	23	18	14
3619	0	119	15
272	19	730	15
347	4	70	15
2968	0	694	15
54	32	1210	15
111	0	57	15
1162	32	1838	15
3417	0	345	15
152	99	9	15
7	20	11	15
3925	8	4372	15
67	5	516	15
12	0	625	15
6	27	12	15
22	1	6	15
37	12	43	15
332	21	107	15
458	4	66	15
29	5	518	15
10	1	293	15
123	3	4226	15
744	6	954	15
679	0	29	15
14	3	12	15
34	13	3	15
895	0	376	15
1469	6	211	15
7	16	5	15
2170	80	311	15
123	3	928	15
3	48	2194	15
237	6	156	15
131	3	6	15
100	83	18	15
12	3	328	15
931	0	0	15
386	11	182	15
3	2	3159	15
627	0	104	15
26	3	148	15
671	5	6	15
0	2	5	15
1191	0	1	15
14	1	487	15
601	0	409	15
692	7	43	15
895	11	376	15
1317	6	551	15
2120	11	125	15
19	2	17	15
2	2	9	15
345	11	399	15
90	14	2	15
281	0	9	15
100	23	578	15
362	6	211	15
1334	0	803	15
873	10	195	15
32	0	1528	15
198	1	1204	15
661	11	15	15
386	11	247	15
18	29	31	15
12	27	6	15
26	4	95	15
12	17	6	15
147	1	2819	15
947	66	126	15
188	7	275	15
100	31	1064	15
39	21	282	15
1	5	26	15
43	12	37	15
243	44	409	15
100	23	480	15
110	23	16	15
710	12	3775	15
1361	17	335	15
14	5	12	15
415	1	601	15
6	0	95	15
663	0	0	15
3775	12	710	15
443	6	1125	15
471	2	4833	15
1	5	12	15
493	0	237	15
1356	6	628	15
757	2	264	15
1997	4	175	15
103	12	506	15
332	11	107	15
14	2	1	15
1348	14	1287	15
158	7	1	15
6	4	63	15
16	8	36	15
518	4	29	15
1500	1	1	15
3653	0	2656	15
0	13	10	15
123	3	923	15
271	8	2560	15
14	0	1	15
389	41	579	15
567	1	1456	15
12	3	6	15
516	4	67	15
2570	7	823	15
1072	1	6	15
3622	12	2428	15
456	21	31	15
70	16	502	15
3760	1	2189	15
1204	1	198	15
2819	1	147	15
13	14	0	15
992	0	444	15
26	4	1	15
624	1	14	15
200	2	8	15
6	4	671	15
271	8	2434	15
444	0	992	15
100	83	360	15
12	0	1	15
487	1	14	15
3410	1	14	15
123	3	67	15
29	6	81	15
26	3	58	15
12	4	1	15
56	32	3	15
671	4	22	15
506	12	103	15
31	2	65	15
576	9	219	15
730	19	272	15
451	0	5	15
6060	0	217	15
18	6	209	15
12	4	14	15
8	5	14	15
502	16	70	15
6	1	12	15
328	3	12	15
2855	0	1540	15
477	1	88	15
0	29	7	15
26	3	95	15
144	3	4023	15
458	1	51	15
10	13	0	15
451	0	0	15
142	0	1	15
804	56	290	15
3006	6	3653	15
1689	102	210	15
247	39	57	15
862	0	243	15
2747	2	1656	15
198	67	355	15
32	0	255	15
12	1	14	15
66	5	458	15
1250	0	396	15
177	48	2193	15
49	6	242	15
65	39	18	15
1998	136	579	15
0	9	5	15
81	9	74	15
14	0	448	15
7	2	11	15
45	0	108	15
14	1	624	15
1064	34	100	15
158	7	10	15
16	8	557	15
1456	1	567	15
144	0	1	15
430	0	607	15
247	11	386	15
6	1	22	15
2	9	863	15
327	2	9	15
175	5	1997	15
16	2	36	15
14	4	8	15
273	6	55	15
836	0	623	15
209	48	1225	15
1	3	12	15
63	5	6	15
1927	9	125	15
73	107	15	15
6	17	12	15
138	38	1540	15
3	48	2193	15
2189	1	3760	15
237	6	2073	15
0	7	153	15
965	0	602	15
1007	0	0	15
12	14	1	15
14	1	12	15
0	37	1092	15
93	60	668	15
333	19	47	15
182	10	386	15
2073	0	237	15
335	17	1361	15
4363	6	696	15
74	6	81	15
1845	83	15	15
0	6	1122	15
1645	1	2649	15
14	12	12	15
6	3	131	15
275	85	3	15
17	10	55	15
2193	2	177	15
601	1	415	15
293	1	10	15
6595	9	1328	15
16	20	36	15
3	13	34	15
564	12	381	15
6967	3	97	15
2428	12	3622	15
88	1	477	15
247	35	57	15
20	6	5751	15
381	12	564	15
9	15	241	15
496	1	1	15
11	2	7	15
74	11	81	15
1	1	1500	15
47	19	333	15
158	7	0	15
5	16	7	15
2189	74	239	15
41	0	103	15
307	10	2	15
12	3	1	15
22	5	671	15
158	0	68	15
4363	6	3865	15
12	1	6	15
12	12	14	15
95	5	26	15
2649	1	1645	15
9	13	2	15
51	1	458	15
283	6	365	15
605	6	450	15
75	7	6	15
6	1	1072	15
26	3	988	15
0	2	31	15
1698	0	335	15
70	5	347	15
718	7	6839	15
1217	0	285	15
343	7	1	15
1	1	496	15
5805	3	46	15
14	1	3410	15
452	23	18	15
293	0	34	16
95	64	20	16
1072	12	6	16
1604	0	0	16
65	39	18	16
3584	5	4546	16
11	8	7	16
1832	12	198	16
1308	6	6380	16
649	7	130	16
385	20	364	16
20	6	108	16
68	34	85	16
2122	0	26	16
386	39	57	16
7	8	11	16
529	1	198	16
1	4	70	16
456	21	31	16
604	8	146	16
529	80	290	16
12	1	328	16
167	68	15	16
2147	0	0	16
661	11	15	16
21	23	89	16
2211	10	1000	16
16	9	1695	16
332	21	107	16
1363	123	3370	16
529	20	290	16
146	22	604	16
328	1	12	16
4675	7	6013	16
100	83	18	16
12	1	14	16
1	13	10	16
165	20	16	16
1198	11	966	16
1114	6	3605	16
48	1	606	16
50	17	30	16
6	12	1072	16
38	0	595	16
32	45	16	16
537	0	0	16
377	10	1524	16
257	1	293	16
71	0	5	16
109	7	375	16
88	6	3631	16
6	5	131	16
204	10	78	16
425	65	146	16
130	2	923	16
3	8	1479	16
118	0	190	16
783	0	32	16
81	145	74	16
0	5	1180	16
14	4	8	16
131	1	3209	16
1122	0	0	16
3417	52	1	16
1118	3	1	16
71	3	7	16
1305	2	16	16
98	3	92	16
12	0	1	16
138	7	89	16
32	0	36	16
6	0	614	16
739	13	55	16
739	0	37	16
14	1	3410	16
10	55	82	16
157	6	1122	16
3480	0	0	16
198	12	1832	16
182	10	386	16
6223	0	244	16
1258	0	202	16
6326	0	169	16
139	16	6618	16
34	5	22	16
1524	10	377	16
16	9	32	16
51	2	16	16
1076	0	0	16
107	10	332	16
215	64	120	16
2088	9	99	16
7	0	11	16
434	0	5	16
170	0	3442	16
29	6	2	16
671	12	22	16
119	20	151	16
42	61	87	16
1914	4	118	16
12	3	328	16
127	31	64	16
196	40	644	16
14	1	869	16
54	11	99	16
1001	9	2310	16
1103	0	4	16
176	88	247	16
8	5	14	16
295	1	597	16
118	5	1914	16
70	5	1	16
597	1	295	16
10	13	1	16
489	44	3	16
6837	7	114	16
95	5	641	16
332	11	107	16
0	2	7	16
3619	0	119	16
3	8	56	16
4675	7	285	16
336	1	14	16
250	6	17	16
1000	10	2211	16
19	18	17	16
606	1	48	16
197	2	252	16
198	1	529	16
452	83	18	16
2	2	9	16
557	2	16	16
302	12	6	16
47	0	56	16
3209	1	131	16
1857	7	41	16
544	8	363	16
1498	4	49	16
1103	80	4	16
6	2	614	16
10	28	382	16
143	0	20	16
50	15	30	16
12	2	89	16
1	17	46	16
3	10	1479	16
6	7	131	16
5	49	0	16
6	50	155	16
52	7	252	16
2777	2	2438	16
14	1	336	16
1361	17	335	16
55	13	739	16
386	32	364	16
123	0	15	16
100	18	18	16
104	25	6342	16
873	10	195	16
27	0	10	16
244	7	64	16
3410	1	14	16
1217	0	285	16
19	6	17	16
10	1	293	16
7	2	11	16
4546	4	3584	16
14	1	12	16
734	0	5	16
364	10	385	16
459	6	424	16
93	6	511	16
3	8	1591	16
254	10	15	16
46	17	1	16
44	6	3	16
1436	9	54	16
2	2	90	16
869	1	14	16
10	5	597	16
821	36	545	16
144	0	1	16
76	0	9	16
12	14	1	16
4972	1	1084	16
22	12	671	16
11	2	7	16
12	12	328	16
391	44	99	16
2434	7	376	16
32	6	16	16
1084	1	4972	16
0	2	11	16
48	0	9	16
385	11	364	16
107	8	173	16
139	63	2016	16
2	2	252	16
6695	7	914	16
513	6	481	16
2003	32	5872	16
641	4	95	16
28	11	194	16
22	4	34	16
30	17	50	16
76	30	2	16
131	4	6	16
1180	4	0	16
74	115	29	16
659	6	108	16
386	11	182	16
576	9	219	16
16	9	36	16
71	3	0	16
139	32	2016	16
12	0	1069	16
7	20	11	16
293	1	257	16
4	23	1	16
64	34	127	16
384	14	20	16
49	5	1498	16
85	31	68	16
74	6	81	16
6	12	302	16
123	0	355	16
4089	0	275	16
1116	37	6209	16
293	1	10	16
12	0	89	16
78	31	652	16
387	0	61	16
26	0	2122	16
328	12	12	16
109	5	375	16
1215	0	275	16
335	17	1361	16
90	14	1617	16
6735	0	169	16
244	7	678	16
6019	7	1655	16
2679	0	1	16
316	75	1	16
597	4	10	16
417	0	36	16
375	4	109	16
127	24	64	16
78	28	195	16
3	9	333	17
167	68	123	17
408	10	15	17
7	13	0	17
170	21	55	17
299	0	0	17
196	7	973	17
546	2	4293	17
186	10	78	17
2306	32	56	17
269	0	4689	17
1982	4	43	17
23	4	278	17
11	7	153	17
14	19	598	17
43	5	1982	17
93	6	92	17
8	3	42	17
4103	17	3488	17
23	17	223	17
44	6	3	17
42	61	87	17
254	10	15	17
131	1	6	17
1	7	15	17
1103	0	4	17
369	2	23	17
3488	17	4103	17
25	26	478	17
3	2	213	17
3	9	213	17
6	0	411	17
223	17	23	17
2185	7	100	17
45	0	659	17
1000	86	1540	17
820	0	1372	17
246	6	155	17
376	9	72	17
31	66	18	17
167	68	15	17
3146	36	372	17
285	2	593	17
254	68	15	17
1062	21	3	17
21	23	89	17
198	2	4954	17
142	0	1	17
484	4	1	17
1103	80	4	17
78	10	186	17
933	0	912	17
6	80	89	17
1223	3	10	17
1062	2	3	17
8	45	87	17
195	0	4182	17
123	0	15	17
70	5	447	17
55	21	170	17
31	24	18	17
6332	7	2099	17
329	0	15	17
1750	0	943	17
70	5	347	17
23	4	80	17
973	0	2590	17
29	6	81	17
0	5	681	17
294	8	164	17
223	17	0	17
247	11	37	17
150	2	61	17
62	7	25	17
17	54	19	17
528	7	1257	17
386	51	247	17
285	2	558	17
346	6	3	17
182	23	57	17
247	35	57	17
278	5	23	17
83	0	167	17
176	88	247	17
4	0	465	17
447	4	70	17
1037	7	4	17
865	11	3	17
0	17	223	17
1750	4	120	17
131	2	21	17
303	1	39	17
1	3	15	17
120	5	1750	17
131	3	21	17
80	5	23	17
82	6	399	17
933	14	912	17
1401	1	2086	17
5	1	62	17
100	31	18	17
6462	0	1655	17
225	6	3	17
6611	6	151	17
39	1	303	17
633	9	350	17
589	0	167	17
14	0	1	17
12	57	423	17
62	1	5	17
6	1	131	17
262	0	27	17
1	7	138	17
250	6	55	17
44	74	3	17
4416	0	3543	17
302	8	1	17
1	5	484	17
776	18	88	17
11	2	7	17
496	0	82	17
246	6	438	17
4	13	35	17
6	8	89	17
383	86	821	17
681	4	0	17
0	13	7	17
813	85	17	17
14	8	78	17
347	4	70	17
167	10	15	17
2086	1	1401	17
100	83	18	17
2074	9	4	17
123	73	562	17
430	0	20	17
423	57	12	17
598	19	14	17
200	0	42	18
67	7	15	18
183	19	444	18
42	4	8	18
153	2	310	18
182	23	57	18
658	6	265	18
131	3	130	18
3	9	2647	18
456	21	100	18
84	0	525	18
6176	8	688	18
142	0	1	18
370	43	140	18
525	0	79	18
845	14	61	18
6	7	1204	18
4	76	35	18
400	10	8	18
1597	0	386	18
37	5	8	18
71	3	614	18
664	0	66	18
302	8	1	18
44	6	3	18
103	1	1657	18
133	3	4	18
47	1	294	18
8	4	37	18
501	1	444	18
56	1	2610	18
3	2	1428	18
1062	21	3	18
145	0	722	18
444	1	501	18
857	0	722	18
31	26	18	18
472	8	1853	18
115	2	36	18
226	2	61	18
2115	0	962	18
614	8	89	18
28	11	194	18
456	10	542	18
294	1	47	18
2610	1	56	18
395	3	6	18
142	2	1	18
119	0	1045	18
12	12	6	18
423	57	12	18
552	34	2026	18
363	3	10	18
56	2	3	18
46	7	2552	18
85	24	68	18
